18 0.08666666666666667 0.119 0.17333333333333334 0.238
18 0.10835555555555557 0.3825 0.216 0.223
18 0.2613333333333333 0.123 0.22755555555555557 0.246
18 0.21333333333333335 0.57575 0.15644444444444444 0.1575
18 0.4444444444444444 0.146 0.1368888888888889 0.208
18 0.5876444444444444 0.159945 0.1431111111111111 0.1875
18 0.7177777777777777 0.1785 0.10577777777777778 0.159
18 0.8031111111111111 0.187 0.09155555555555556 0.144
18 0.35288888888888886 0.5525 0.13155555555555556 0.146
18 0.2871111111111111 0.37175 0.18133333333333335 0.1915
18 0.44044444444444447 0.36475 0.13066666666666665 0.1705
18 0.576 0.3575 0.14933333333333335 0.156
18 0.08657777777777778 0.77875 0.17244444444444446 0.1705
18 0.22977777777777778 0.73575 0.14133333333333334 0.1505
18 0.4577777777777778 0.666 0.09422222222222222 0.123
18 0.3537777777777778 0.699 0.112 0.14
18 0.7048888888888889 0.48625 0.11555555555555555 0.1025
18 0.08711111111111111 0.924 0.16355555555555557 0.151
18 0.2288888888888889 0.8735 0.13422222222222221 0.142
18 0.35333333333333333 0.824 0.1111111111111111 0.122
18 0.4706666666666667 0.529 0.10577777777777778 0.13
18 0.5608888888888889 0.51275 0.08355555555555555 0.1195