5 0.7785326086956522 0.5363149847094801 0.30978260869565216 0.18730886850152906
15 0.41032608695652173 0.6945718654434251 0.49728260869565216 0.2759938837920489
13 0.3641304347826087 0.6020642201834863 0.24728260869565216 0.11850152905198777
13 0.7282608695652174 0.35282874617737003 0.29891304347826086 0.14143730886850153
18 0.9320652173913043 0.38149847094801226 0.1331521739130435 0.14220183486238533
18 0.36209239130434784 0.5112614678899082 0.30570652173913043 0.14602446483180428
15 0.7391304347826086 0.44686544342507645 0.33695652173913043 0.1353211009174312
15 0.08899456521739131 0.5500764525993884 0.17798913043478262 0.20565749235474007
15 0.6433423913043478 0.7672018348623854 0.07744565217391304 0.05733944954128441
15 0.7241847826086957 0.7106269113149847 0.08695652173913043 0.06804281345565749
15 0.6297554347826086 0.6850152905198776 0.25407608695652173 0.14678899082568808
15 0.5394021739130435 0.4243119266055046 0.15760869565217392 0.1162079510703364