4 0.12364130434782608 0.24197247706422018 0.24728260869565216 0.13837920489296637
5 0.11277173913043478 0.3956422018348624 0.1766304347826087 0.17660550458715596
5 0.42934782608695654 0.3597094801223242 0.29347826086956524 0.08180428134556575
5 0.25747282608695654 0.4690366972477064 0.1480978260869565 0.10321100917431193
5 0.12771739130434784 0.5890672782874617 0.2554347826086957 0.18883792048929662
5 0.23233695652173914 0.6464067278287462 0.358695652173913 0.16743119266055045
5 0.43410326086956524 0.5554281345565749 0.15353260869565216 0.10015290519877676
5 0.36209239130434784 0.46827217125382264 0.15625 0.16743119266055045
5 0.6684782608695652 0.5049694189602446 0.4429347826086957 0.17507645259938837
5 0.8091032608695652 0.42698776758409784 0.26766304347826086 0.10779816513761468
5 0.65625 0.6150611620795107 0.41847826086956524 0.16131498470948014
5 0.5550271739130435 0.30275229357798167 0.2296195652173913 0.06880733944954129
5 0.7309782608695652 0.3165137614678899 0.15489130434782608 0.11467889908256881
5 0.579483695652174 0.1926605504587156 0.2105978260869565 0.06269113149847094
5 0.8546195652173914 0.37729357798165136 0.20652173913043478 0.12003058103975535
5 0.8817934782608695 0.3253058103975535 0.23369565217391305 0.1704892966360856
5 0.9307065217391305 0.577217125382263 0.1358695652173913 0.19724770642201836
5 0.5278532608695652 0.7492354740061162 0.46603260869565216 0.2217125382262997
5 0.28532608695652173 0.7821100917431193 0.4048913043478261 0.1452599388379205
5 0.8070652173913043 0.7377675840978594 0.33695652173913043 0.10856269113149847
5 0.49728260869565216 0.24808868501529052 0.30978260869565216 0.06192660550458716
5 0.7262228260869565 0.22668195718654435 0.33016304347826086 0.046636085626911315