4 0.5644444444444444 0.21166666666666667 0.2577777777777778 0.255
16 0.565 0.30833333333333335 0.10111111111111111 0.22166666666666668
16 0.18888888888888888 0.5829166666666666 0.37777777777777777 0.2608333333333333
16 0.32055555555555554 0.31833333333333336 0.25 0.195
4 0.32 0.31666666666666665 0.26 0.19333333333333333
4 0.20222222222222222 0.315 0.18 0.16666666666666666
0 0.3088888888888889 0.65125 0.32222222222222224 0.25083333333333335
16 0.4766666666666667 0.35375 0.08 0.12583333333333332
3 0.39444444444444443 0.83875 0.6022222222222222 0.32083333333333336
3 0.18888888888888888 0.5854166666666667 0.37777777777777777 0.2575
0 0.3227777777777778 0.44708333333333333 0.11888888888888889 0.10083333333333333
0 0.4022222222222222 0.4625 0.11333333333333333 0.12
13 0.7838888888888889 0.9125 0.22333333333333333 0.17333333333333334
13 0.9161111111111111 0.9620833333333333 0.16555555555555557 0.07416666666666667