20 0.29521276595744683 0.1735372340425532 0.32092198581560283 0.1502659574468085
20 0.6511524822695035 0.15757978723404256 0.37677304964539005 0.12632978723404256
20 0.8093971631205674 0.375 0.37943262411347517 0.15425531914893617
20 0.18927304964539007 0.5731382978723404 0.37854609929078015 0.36569148936170215
0 0.5144060283687943 0.6020545212765958 0.0004432624113475177 0.0006515957446808511
5 0.39273049645390073 0.6619015957446809 0.40602836879432624 0.1908244680851064
5 0.5886524822695035 0.7410239361702128 0.4308510638297872 0.2546542553191489
20 0.8351063829787234 0.6396276595744681 0.3280141843971631 0.2845744680851064
20 0.675531914893617 0.4890292553191489 0.6187943262411347 0.16289893617021275
20 0.5088652482269503 0.28158244680851063 0.38120567375886527 0.14295212765957446
20 0.8182624113475178 0.23736702127659576 0.2783687943262411 0.09973404255319149