4 0.5061141304347826 0.3613659531090724 0.19429347826086957 0.2273190621814475
4 0.764266304347826 0.47553516819571867 0.41983695652173914 0.3007135575942915
4 0.8783967391304348 0.3103975535168196 0.24048913043478262 0.23139653414882771
4 0.13111413043478262 0.47349643221202853 0.26222826086956524 0.35575942915392456
4 0.4014945652173913 0.5953109072375128 0.12092391304347826 0.2609582059123344
4 0.5822010869565217 0.5642201834862385 0.28940217391304346 0.18858307849133538
4 0.9116847826086957 0.44954128440366975 0.17391304347826086 0.18144750254842
4 0.313179347826087 0.3343527013251784 0.2703804347826087 0.25076452599388377
5 0.22146739130434784 0.7879714576962283 0.07336956521739131 0.11416921508664628
5 0.26766304347826086 0.7940876656472987 0.07336956521739131 0.12640163098878696
5 0.35054347826086957 0.755861365953109 0.10326086956521739 0.05402650356778797
5 0.5584239130434783 0.8251783893985729 0.3070652173913043 0.2619775739041794
4 0.5971467391304348 0.6916411824668706 0.24864130434782608 0.1559633027522936
0 0.8226902173913043 0.6590214067278287 0.24048913043478262 0.06218144750254842
0 0.7941576086956522 0.7196738022426096 0.2513586956521739 0.07135575942915393