5 0.11277173913043478 0.3618067978533095 0.10869565217391304 0.3550983899821109
5 0.4544836956521739 0.2549194991055456 0.11820652173913043 0.2003577817531306
5 0.20176630434782608 0.36359570661896246 0.11005434782608696 0.3479427549194991
5 0.280570652173913 0.34481216457960645 0.08016304347826086 0.34973166368515207
5 0.36141304347826086 0.33899821109123435 0.10054347826086957 0.3363148479427549
5 0.24796195652173914 0.7186940966010733 0.42527173913043476 0.12075134168157424
5 0.5788043478260869 0.6533989266547406 0.18478260869565216 0.2638640429338104
5 0.7255434782608695 0.6516100178890877 0.14130434782608695 0.23166368515205724
5 0.8199728260869565 0.6359570661896243 0.11277173913043478 0.23971377459749552
5 0.8926630434782609 0.6238819320214669 0.10869565217391304 0.23166368515205724
5 0.9538043478260869 0.6225402504472272 0.08967391304347826 0.23971377459749552
5 0.44633152173913043 0.41323792486583183 0.09918478260869565 0.1073345259391771
5 0.5387228260869565 0.4221824686940966 0.10190217391304347 0.13774597495527727
5 0.5815217391304348 0.24463327370304114 0.14945652173913043 0.1404293381037567