19 0.5282407407407408 0.35116731517509725 0.6046296296296296 0.26459143968871596
15 0.5282407407407408 0.11332684824902724 0.5453703703703704 0.22665369649805447
4 0.15046296296296297 0.3545719844357977 0.17685185185185184 0.2480544747081712
17 0.15092592592592594 0.3550583657587549 0.17592592592592593 0.2490272373540856
5 0.22194444444444444 0.8599221789883269 0.2953703703703704 0.25486381322957197
20 0.663425925925926 0.5948443579766537 0.2935185185185185 0.2441634241245136
20 0.85 0.5865758754863813 0.1425925925925926 0.2898832684824903
17 0.8550925925925926 0.34824902723735407 0.2064814814814815 0.3463035019455253
16 0.6439907407407407 0.7477529182879378 0.0009444444444444445 0.0006906614785992217
5 0.6601851851851852 0.7456225680933852 0.4703703703703704 0.13715953307392997
5 0.6185185185185185 0.8594357976653697 0.5166666666666667 0.15856031128404668
20 0.45046296296296295 0.6138132295719845 0.14537037037037037 0.30739299610894943