4 0.328804347826087 0.8688837920489296 0.657608695652174 0.22706422018348624
4 0.7975543478260869 0.7717889908256881 0.33152173913043476 0.2958715596330275
4 0.9762228260869565 0.4120795107033639 0.04483695652173913 0.06880733944954129
4 0.8960597826086957 0.5470183486238532 0.20516304347826086 0.20871559633027523
4 0.8057065217391305 0.36200305810397554 0.3858695652173913 0.286697247706422
4 0.5380434782608695 0.3948776758409786 0.5869565217391305 0.32951070336391436
14 0.19157608695652173 0.4090214067278288 0.2826086956521739 0.17889908256880735
4 0.8077445652173914 0.1551987767584098 0.38179347826086957 0.1926605504587156
5 0.14402173913043478 0.22477064220183487 0.28804347826086957 0.08409785932721713
5 0.27377717391304346 0.12117737003058104 0.25407608695652173 0.07262996941896024
5 0.17255434782608695 0.17469418960244648 0.1766304347826087 0.04357798165137615
14 0.5516304347826086 0.11162079510703364 0.21467391304347827 0.1819571865443425
14 0.36277173913043476 0.6051223241590215 0.28532608695652173 0.14602446483180428