15 0.22314814814814815 0.3008607198748044 0.4462962962962963 0.5078247261345853
15 0.5916666666666667 0.3051643192488263 0.36666666666666664 0.4413145539906103
15 0.7726851851851851 0.33098591549295775 0.4527777777777778 0.6525821596244131
20 0.1425925925925926 0.6838810641627543 0.2796296296296296 0.4726134585289515
11 0.6592592592592592 0.6768388106416275 0.3388888888888889 0.3051643192488263
19 0.6601851851851852 0.6768388106416275 0.3388888888888889 0.3051643192488263
19 0.7837962962962963 0.7805164319248826 0.35648148148148145 0.33098591549295775
5 0.47175925925925927 0.6717527386541471 0.30833333333333335 0.3075117370892019
5 0.2916666666666667 0.6654929577464789 0.18333333333333332 0.30125195618153366
5 0.42268518518518516 0.8611111111111112 0.30462962962962964 0.13536776212832552
5 0.5268518518518519 0.9381846635367762 0.3574074074074074 0.10328638497652583
5 0.05277777777777778 0.7202660406885759 0.10555555555555556 0.2856025039123631