5 0.5509259259259259 0.3315826330532213 0.3333333333333333 0.12675070028011204
5 0.4361111111111111 0.2349439775910364 0.6981481481481482 0.09033613445378151
5 0.4601851851851852 0.17682072829131654 0.6685185185185185 0.09453781512605042
5 0.11851851851851852 0.41351540616246496 0.1537037037037037 0.2696078431372549
5 0.23703703703703705 0.3939075630252101 0.13703703703703704 0.19397759103641457
5 0.08703703703703704 0.6915266106442577 0.16111111111111112 0.27801120448179273
5 0.5254629629629629 0.45518207282913165 0.49722222222222223 0.14145658263305322
5 0.5157407407407407 0.6141456582633054 0.5444444444444444 0.18487394957983194
5 0.47685185185185186 0.7408963585434174 0.5666666666666667 0.0896358543417367
5 0.4935185185185185 0.8186274509803921 0.562962962962963 0.1092436974789916
5 0.8560185185185185 0.6393557422969187 0.14166666666666666 0.21988795518207283
5 0.8018518518518518 0.36869747899159666 0.11296296296296296 0.22198879551820727
5 0.8888888888888888 0.3792016806722689 0.12037037037037036 0.22198879551820727
5 0.9574074074074074 0.6372549019607843 0.08333333333333333 0.24789915966386555