19 0.15489130434782608 0.34280326197757394 0.23369565217391305 0.4271151885830785
10 0.2955163043478261 0.4378185524974516 0.058423913043478264 0.08460754332313965
19 0.3005434782608695 0.28950050968399593 0.14945652173913043 0.199796126401631
15 0.44497282608695654 0.5214067278287462 0.45516304347826086 0.31702344546381245
15 0.4048913043478261 0.382262996941896 0.26358695652173914 0.21202854230377166
9 0.7846467391304348 0.5555555555555556 0.31929347826086957 0.218144750254842
9 0.7425271739130435 0.4102956167176351 0.2921195652173913 0.10091743119266056
20 0.8936141304347827 0.49031600407747195 0.15896739130434784 0.15086646279306828
20 0.3960597826086957 0.7324159021406728 0.3029891304347826 0.13557594291539246
20 0.6114130434782609 0.6498470948012233 0.22010869565217392 0.15392456676860347
20 0.13179347826086957 0.6722731906218145 0.14673913043478262 0.22935779816513763
20 0.24932065217391305 0.6411824668705403 0.11277173913043478 0.18144750254842