14 0.7848525469168901 0.31988950276243094 0.42761394101876676 0.27071823204419887
14 0.8887399463806971 0.41325966850828727 0.21983914209115282 0.2718232044198895
4 0.27412868632707776 0.1408839779005525 0.33646112600536193 0.1292817679558011
4 0.4336461126005362 0.2773480662983425 0.3900804289544236 0.19889502762430938
4 0.13873994638069706 0.24806629834254143 0.2774798927613941 0.13812154696132597
0 0.12734584450402145 0.4093922651933702 0.2546916890080429 0.23314917127071824
0 0.5428954423592494 0.4011049723756906 0.3485254691689008 0.16574585635359115
0 0.23458445040214476 0.494475138121547 0.4691689008042895 0.2950276243093923
0 0.24262734584450402 0.7679558011049724 0.2359249329758713 0.34917127071823206
0 0.546916890080429 0.5447513812154696 0.39946380697050937 0.26298342541436465
0 0.5656836461126006 0.8441988950276244 0.3485254691689008 0.30939226519337015
0 0.8109919571045576 0.6546961325966851 0.30563002680965146 0.37679558011049724
0 0.8646112600536193 0.8602209944751381 0.2680965147453083 0.2773480662983425