5 0.5380434782608695 0.5458715596330275 0.296195652173913 0.09174311926605505
15 0.34714673913043476 0.3734709480122324 0.21603260869565216 0.14143730886850153
17 0.42595108695652173 0.35741590214067276 0.11820652173913043 0.06651376146788991
7 0.3070652173913043 0.48241590214067276 0.15217391304347827 0.06574923547400612
19 0.1827445652173913 0.5798929663608563 0.09375 0.10932721712538226
19 0.579375 0.4821865443425077 0.2735054347826087 0.1136085626911315
18 0.6929347826086957 0.4025229357798165 0.10869565217391304 0.1659021406727829
3 0.5604619565217391 0.34938837920489296 0.18342391304347827 0.07951070336391437
18 0.5597826086956522 0.34938837920489296 0.18206521739130435 0.07951070336391437
5 0.7255434782608695 0.5531345565749235 0.08423913043478261 0.13226299694189603
7 0.5448369565217391 0.6196483180428135 0.11141304347826086 0.06804281345565749
12 0.4736820652173913 0.5934938837920489 0.000923913043478261 0.0006957186544342508
7 0.4938858695652174 0.5928899082568807 0.09103260869565218 0.058868501529051986
5 0.3485054347826087 0.5340214067278287 0.06929347826086957 0.034403669724770644
6 0.40896739130434784 0.44801223241590216 0.10054347826086957 0.047400611620795105
5 0.4001358695652174 0.5718654434250765 0.04483695652173913 0.045871559633027525
5 0.3491847826086957 0.5745412844036697 0.07065217391304347 0.034403669724770644