15 0.4375 0.1894941634241245 0.33055555555555555 0.378988326848249
15 0.6620370370370371 0.13424124513618677 0.2518518518518518 0.26848249027237353
15 0.8671296296296296 0.12334630350194553 0.2638888888888889 0.24669260700389106
20 0.1726851851851852 0.3809338521400778 0.3453703703703704 0.37120622568093387
15 0.6083333333333333 0.48443579766536965 0.26481481481481484 0.3291828793774319
15 0.8648148148148148 0.4688715953307393 0.26851851851851855 0.2964980544747082
20 0.22361111111111112 0.645136186770428 0.44722222222222224 0.18054474708171206
20 0.2439814814814815 0.8618677042801557 0.487962962962963 0.2747081712062257
20 0.5763888888888888 0.8245136186770428 0.2101851851851852 0.34941634241245134
15 0.8083333333333333 0.7906614785992218 0.3814814814814815 0.4171206225680934
20 0.3990740740740741 0.4626459143968872 0.1537037037037037 0.15797665369649805
20 0.8013888888888889 0.2867704280155642 0.3638888888888889 0.0754863813229572