19 0.044157608695652176 0.32466870540265036 0.07201086956521739 0.09072375127421
19 0.11182065217391304 0.3251783893985729 0.06929347826086957 0.08766564729867482
19 0.18546195652173914 0.3251783893985729 0.06385869565217392 0.08766564729867482
19 0.2513586956521739 0.3241590214067278 0.0625 0.08970438328236494
19 0.3125 0.29408766564729866 0.059782608695652176 0.1559633027522936
19 0.37703804347826086 0.2884811416921509 0.06385869565217392 0.1671763506625892
19 0.44497282608695654 0.3073394495412844 0.050271739130434784 0.12538226299694188
19 0.5067934782608695 0.3195718654434251 0.07065217391304347 0.09887869520897044
19 0.5788043478260869 0.3195718654434251 0.06793478260869565 0.09683995922528033
19 0.6508152173913043 0.31855249745158004 0.07065217391304347 0.09887869520897044
19 0.7248641304347826 0.31855249745158004 0.07201086956521739 0.10091743119266056
19 0.796875 0.3180428134556575 0.07472826086956522 0.1019367991845056
19 0.8709239130434783 0.3180428134556575 0.07336956521739131 0.1019367991845056
19 0.9470108695652174 0.31549439347604485 0.07608695652173914 0.10295616717635066
19 0.034646739130434784 0.5193679918450561 0.06929347826086957 0.09683995922528033
19 0.24116847826086957 0.5193679918450561 0.06657608695652174 0.09480122324159021
19 0.31086956521739134 0.5198776758409785 0.06521739130434782 0.09582059123343527
19 0.4470108695652174 0.5203873598369011 0.06521739130434782 0.09480122324159021
19 0.8661684782608695 0.5234454638124363 0.07201086956521739 0.10295616717635066
19 0.17051630434782608 0.0983690112130479 0.07201086956521739 0.12538226299694188
19 0.2418478260869565 0.09174311926605505 0.07336956521739131 0.1325178389398573
19 0.38383152173913043 0.09480122324159021 0.058423913043478264 0.12844036697247707
19 0.5957880434782609 0.08511722731906218 0.07201086956521739 0.1396534148827727
19 0.6677989130434783 0.08460754332313965 0.06929347826086957 0.1325178389398573