20 0.09375 0.36047400611620795 0.1875 0.2209480122324159
20 0.22078804347826086 0.22438837920489296 0.23233695652173914 0.16743119266055045
20 0.375 0.30275229357798167 0.24728260869565216 0.15749235474006115
15 0.3108288043478261 0.411697247706422 0.35597826086956524 0.19495412844036697
15 0.28940217391304346 0.5523700305810397 0.44565217391304346 0.18577981651376146
15 0.5489130434782609 0.4820336391437309 0.33152173913043476 0.1735474006116208
5 0.24728260869565216 0.7175076452599388 0.4157608695652174 0.2117737003058104
20 0.7207880434782609 0.6884556574923547 0.3546195652173913 0.10015290519877676
5 0.7235054347826086 0.46788990825688076 0.11548913043478261 0.05504587155963303
5 0.7139945652173914 0.5202599388379205 0.16168478260869565 0.07262996941896024
20 0.5516304347826086 0.35206422018348627 0.22826086956521738 0.12767584097859327
5 0.49660326086956524 0.23203363914373087 0.11277173913043478 0.07568807339449542
5 0.5210597826086957 0.25840978593272174 0.12364130434782608 0.0779816513761468
15 0.5842391304347826 0.6100917431192661 0.20652173913043478 0.10856269113149847
15 0.4945652173913043 0.7029816513761468 0.13858695652173914 0.08792048929663608
15 0.499320652173913 0.7935779816513762 0.20516304347826086 0.09938837920489296