4 0.18817934782608695 0.22324159021406728 0.22418478260869565 0.23547400611620795
5 0.1875 0.22553516819571864 0.22554347826086957 0.2415902140672783
15 0.3811141304347826 0.21827217125382262 0.20244565217391305 0.2117737003058104
15 0.5040760869565217 0.22839449541284404 0.21195652173913043 0.19801223241590213
19 0.6345108695652174 0.30313455657492355 0.1875 0.16743119266055045
19 0.5896739130434783 0.2595565749235474 0.18478260869565216 0.1704892966360856
19 0.7472826086956522 0.4434250764525994 0.19293478260869565 0.13608562691131498
14 0.43478260869565216 0.5611620795107034 0.22554347826086957 0.14220183486238533
9 0.23369565217391305 0.4533639143730887 0.38858695652173914 0.1712538226299694
9 0.548233695652174 0.492737003058104 0.28940217391304346 0.19036697247706422
9 0.4592391304347826 0.37003058103975534 0.23097826086956522 0.10856269113149847
9 0.27445652173913043 0.3597094801223242 0.20108695652173914 0.095565749235474
15 0.7921195652173914 0.6246177370030581 0.3858695652173913 0.23394495412844038
15 0.28532608695652173 0.8432721712538226 0.5081521739130435 0.3119266055045872
15 0.203125 0.632262996941896 0.3328804347826087 0.2691131498470948
15 0.5020380434782609 0.7532339449541284 0.3491847826086957 0.3363914373088685
15 0.8091032608695652 0.8394495412844036 0.2758152173913043 0.3195718654434251