15 0.27377717391304346 0.33371559633027525 0.47146739130434784 0.10779816513761468
19 0.19293478260869565 0.17928134556574923 0.10597826086956522 0.10168195718654434
19 0.2452445652173913 0.2312691131498471 0.1644021739130435 0.10779816513761468
19 0.33016304347826086 0.24464831804281345 0.11956521739130435 0.07492354740061162
19 0.4001358695652174 0.2587920489296636 0.12364130434782608 0.06498470948012232
19 0.4422554347826087 0.183868501529052 0.09918478260869565 0.11697247706422019
20 0.6277173913043478 0.28287461773700306 0.38315217391304346 0.14678899082568808
20 0.40217391304347827 0.6934250764525994 0.6358695652173914 0.39755351681957185
15 0.8152173913043478 0.529434250764526 0.36684782608695654 0.2759938837920489
15 0.2703804347826087 0.47553516819571867 0.4157608695652174 0.19724770642201836
8 0.8648097826086957 0.7140672782874617 0.26766304347826086 0.1559633027522936