19 0.453125 0.4396024464831804 0.08559782608695653 0.11314984709480122
19 0.26970108695652173 0.4369266055045872 0.08831521739130435 0.1154434250764526
19 0.36209239130434784 0.43883792048929665 0.08831521739130435 0.1162079510703364
19 0.6331521739130435 0.4399847094801223 0.08152173913043478 0.11238532110091744
19 0.7167119565217391 0.4417125382262997 0.08288043478260869 0.11162079510703364
2 0.8009510869565217 0.4418960244648318 0.08559782608695653 0.11162079510703364
19 0.12024456521739131 0.23470948012232415 0.08559782608695653 0.11467889908256881
19 0.21331521739130435 0.23700305810397554 0.08967391304347826 0.11314984709480122
19 0.3070652173913043 0.23853211009174313 0.08967391304347826 0.1162079510703364
19 0.39877717391304346 0.24541284403669725 0.08831521739130435 0.12385321100917432
19 0.4891304347826087 0.24617737003058104 0.08423913043478261 0.12385321100917432
19 0.5706521739130435 0.25076452599388377 0.07880434782608696 0.11162079510703364
19 0.6542119565217391 0.25229357798165136 0.08288043478260869 0.10550458715596331
19 0.7364130434782609 0.24980886850152906 0.08423913043478261 0.10397553516819572
19 0.9103260869565217 0.25 0.11413043478260869 0.11009174311926606
19 0.8009510869565217 0.4413302752293578 0.08831521739130435 0.11238532110091744
19 0.8851902173913043 0.4418960244648318 0.08831521739130435 0.11162079510703364
19 0.9619565217391305 0.441131498470948 0.07336956521739131 0.11314984709480122
19 0.10394021739130435 0.6215596330275229 0.08831521739130435 0.12079510703363915
19 0.20108695652173914 0.6223241590214067 0.12228260869565218 0.12385321100917432
19 0.29008152173913043 0.6227064220183486 0.08559782608695653 0.11850152905198777
19 0.3797554347826087 0.6200305810397554 0.08288043478260869 0.11926605504587157
19 0.46671195652173914 0.6200305810397554 0.08288043478260869 0.11926605504587157
19 0.5543478260869565 0.6207951070336392 0.07880434782608696 0.11773700305810397
19 0.6351902173913043 0.6219418960244648 0.07744565217391304 0.11391437308868502
19 0.7133152173913043 0.6219418960244648 0.07880434782608696 0.1154434250764526
19 0.8722826086956522 0.621177370030581 0.08423913043478261 0.11391437308868502
19 0.9538043478260869 0.621177370030581 0.08695652173913043 0.1154434250764526
19 0.250679347826087 0.7801987767584098 0.08016304347826086 0.1353211009174312
19 0.33255434782608695 0.7790519877675841 0.07880434782608696 0.13608562691131498
19 0.41508152173913043 0.7786697247706422 0.07744565217391304 0.13226299694189603
19 0.4945652173913043 0.7782874617737003 0.07608695652173914 0.1345565749235474
19 0.5754076086956522 0.7775229357798165 0.07744565217391304 0.1345565749235474
19 0.6535326086956522 0.7771406727828746 0.08152173913043478 0.13379204892966362
19 0.734375 0.775611620795107 0.08016304347826086 0.13379204892966362
19 0.8104619565217391 0.7748470948012233 0.08288043478260869 0.13073394495412843
19 0.8899456521739131 0.7744648318042814 0.07880434782608696 0.13302752293577982
19 0.9599184782608695 0.7740825688073395 0.07744565217391304 0.12920489296636087