20 0.5754076086956522 0.8386850152905199 0.1453804347826087 0.13914373088685014
9 0.6168478260869565 0.6788990825688074 0.2418478260869565 0.191131498470948
4 0.6990489130434783 0.6888379204892966 0.033967391304347824 0.07492354740061162
20 0.6209239130434783 0.7228593272171254 0.14945652173913043 0.16743119266055045
9 0.41983695652173914 0.6708715596330275 0.16032608695652173 0.10626911314984709
9 0.44904891304347827 0.6016819571865444 0.10190217391304347 0.05504587155963303
20 0.3016304347826087 0.793960244648318 0.14402173913043478 0.15214067278287463
20 0.436820652173913 0.7362385321100917 0.1480978260869565 0.12691131498470948
19 0.4578804347826087 0.8352446483180428 0.09239130434782608 0.13837920489296637
5 0.3845108695652174 0.8509174311926605 0.11413043478260869 0.07339449541284404
15 0.6501358695652174 0.5703363914373089 0.19157608695652173 0.05963302752293578