15 0.35083333333333333 0.2475 0.24166666666666667 0.37666666666666665
15 0.5941666666666666 0.13791666666666666 0.37166666666666665 0.2758333333333333
15 0.6593583333333334 0.2945833333333333 0.35833333333333334 0.3458333333333333
20 0.3154166666666667 0.5541666666666667 0.2808333333333333 0.3566666666666667
20 0.18458333333333332 0.63875 0.2925 0.3325
20 0.5095833333333334 0.5220833333333333 0.3025 0.2791666666666667
20 0.7670833333333333 0.4716666666666667 0.2608333333333333 0.37833333333333335
20 0.8833333333333333 0.409775 0.23166666666666666 0.4008333333333333
20 0.8379166666666666 0.6645833333333333 0.21583333333333332 0.1775
20 0.6025 0.7741666666666667 0.355 0.35333333333333333
20 0.39875 0.81 0.30083333333333334 0.36833333333333335