20 0.22962962962962963 0.5830729166666667 0.2111111111111111 0.06614583333333333
20 0.18425925925925926 0.6216145833333333 0.22592592592592592 0.06302083333333333
20 0.1398148148148148 0.6731770833333334 0.20555555555555555 0.0609375
20 0.12222222222222222 0.7284270833333333 0.23703703703703705 0.06875
20 0.1310185185185185 0.46927083333333336 0.14907407407407408 0.12708333333333333
20 0.07314814814814814 0.4557291666666667 0.14629629629629629 0.13229166666666667
20 0.2212962962962963 0.29973958333333334 0.13703703703703704 0.07135416666666666
20 0.1675925925925926 0.35859375 0.12407407407407407 0.07760416666666667
20 0.2689814814814815 0.37447916666666664 0.13240740740740742 0.071875
20 0.3212962962962963 0.3072916666666667 0.1259259259259259 0.08125
15 0.39537037037037037 0.39791666666666664 0.1388888888888889 0.08958333333333333
15 0.42962962962962964 0.3234375 0.13703703703703704 0.08854166666666667
15 0.5652777777777778 0.33567708333333335 0.13425925925925927 0.08177083333333333
15 0.5361111111111111 0.40651041666666665 0.15555555555555556 0.09635416666666667
15 0.725925925925926 0.27369791666666665 0.13703703703703704 0.09947916666666666
15 0.6189814814814815 0.26536458333333335 0.1361111111111111 0.0953125
15 0.4777777777777778 0.24479166666666666 0.13333333333333333 0.0875
20 0.6046296296296296 0.7390625 0.21851851851851853 0.07916666666666666
20 0.6342592592592593 0.6921875 0.1962962962962963 0.06354166666666666
20 0.6560185185185186 0.6471354166666666 0.2175925925925926 0.07760416666666667
20 0.6782407407407407 0.5942708333333333 0.2175925925925926 0.08020833333333334