5 0.3851902173913043 0.5749235474006116 0.2513586956521739 0.10703363914373089
5 0.32472826086956524 0.5424311926605505 0.24728260869565216 0.09403669724770643
5 0.2262228260869565 0.48547400611620795 0.2269021739130435 0.0764525993883792
5 0.171875 0.4701834862385321 0.21603260869565216 0.0856269113149847
5 0.40896739130434784 0.7622324159021406 0.266304347826087 0.12996941896024464
5 0.3186141304347826 0.816131498470948 0.24320652173913043 0.1246177370030581
5 0.20923913043478262 0.8704128440366973 0.26358695652173914 0.15214067278287463
5 0.11073369565217392 0.9197247706422018 0.22146739130434784 0.15902140672782875
5 0.8940217391304348 0.6085626911314985 0.18478260869565216 0.0963302752293578
5 0.7975543478260869 0.5890672782874617 0.14673913043478262 0.07568807339449542
5 0.7438858695652174 0.5642201834862385 0.18614130434782608 0.08409785932721713
5 0.12296195652173914 0.6827217125382263 0.2296195652173913 0.1162079510703364
5 0.21263586956521738 0.6448776758409785 0.22418478260869565 0.10932721712538226