20 0.31870567375886527 0.4265292553191489 0.3980496453900709 0.2599734042553192
20 0.09663120567375887 0.6974734042553191 0.19326241134751773 0.29521276595744683
0 0.6205673758865248 0.316156914893617 0.25886524822695034 0.14428191489361702
20 0.6201241134751773 0.3181515957446808 0.26152482269503546 0.14295212765957446
20 0.737145390070922 0.38231382978723405 0.2721631205673759 0.2074468085106383
20 0.850177304964539 0.26529255319148937 0.2978723404255319 0.14893617021276595
20 0.9046985815602837 0.39793882978723405 0.18882978723404256 0.18816489361702127
20 0.4148936170212766 0.5199468085106383 0.40425531914893614 0.2553191489361702
20 0.3588563829787234 0.7071143617021277 0.3537234042553192 0.2865691489361702
20 0.5580673758865248 0.8472074468085107 0.4175531914893617 0.3038563829787234
20 0.6826241134751773 0.695811170212766 0.39361702127659576 0.3503989361702128
20 0.8058510638297872 0.5388962765957447 0.1950354609929078 0.16422872340425532
20 0.6165780141843972 0.542220744680851 0.20833333333333334 0.20678191489361702