5 0.24728260869565216 0.20504973221117062 0.15217391304347827 0.12394797245600613
5 0.15285326086956522 0.43037490436113235 0.19157608695652173 0.14154552410099464
5 0.29483695652173914 0.4292272379495027 0.1793478260869565 0.13771996939556236
5 0.4422554347826087 0.4246365723029839 0.18070652173913043 0.14843152257077277
5 0.375 0.20772762050497323 0.15217391304347827 0.11094108645753634
5 0.516983695652174 0.2035195103289977 0.13722826086956522 0.11629686304514154
5 0.595108695652174 0.42348890589135424 0.16576086956521738 0.15072685539403213
5 0.7601902173913043 0.43955623565416985 0.12635869565217392 0.12012241775057383
5 0.17527173913043478 0.6499617444529456 0.11141304347826086 0.09563886763580719
5 0.25815217391304346 0.6484315225707727 0.125 0.10175975516449885
5 0.328125 0.6576128538638103 0.08559782608695653 0.08339709257842387
5 0.40896739130434784 0.65876052027544 0.08695652173913043 0.08263198163733741
5 0.49184782608695654 0.6568477429227237 0.09239130434782608 0.08951798010711554
5 0.375 0.8133129303749044 0.09782608695652174 0.12700841622035194
5 0.4578804347826087 0.8152257077276205 0.08695652173913043 0.1063504208110176
5 0.6569293478260869 0.20045906656465187 0.13994565217391305 0.11323641928079571